       1       1   1.157   25.83
       1       1   1.189   26.28
       1       1   1.190   26.05
       1       2   1.236   26.61
       1       2   1.244   27.37
       1       2   1.264   27.08
       1       3   2.140   26.52
       1       3   2.210   28.36
       1       3   2.190   26.74
       1       4   1.620   22.21
       1       4   1.520   20.67
       1       4   1.530   21.94
       2       1   1.418   31.26
       2       1   1.519   33.50
       2       1   1.380   29.31
       2       2   1.446   30.25
       2       2   1.441   30.41
       2       2   1.425   29.85
       2       3   2.117   25.61
       2       3   2.288   30.41
       2       3   2.500   31.10
       2       4   1.719   24.62
       2       4   1.764   24.19
       2       4   1.524   24.00
       3       1   1.360   26.13
       3       1   1.224   23.01
       3       1   1.291   24.06
       3       2   1.333   24.73
       3       2   1.348   25.15
       3       2   1.356   24.81
       3       3   2.180   23.76
       3       3   2.328   24.86
       3       3   2.342   26.74
       3       4   1.571   15.80
       3       4   1.567   17.40
       3       4   1.469   15.82
